2293 3726 0.033908
2293 3729 0.032422
2293 3735 0.342311
2293 3787 0.701010
3633 3701 2.005261
3633 3709 0.195100
3633 3726 0.297721
3633 3735 0.961251
3633 3741 2.052654
3633 3744 0.166326
3633 3750 0.163695
3633 3753 0.118577
3633 3762 0.718718
3633 3787 0.298915
3633 3828 0.058681
3650 3701 1.999203
3650 3709 0.294157
3650 3712 2.026045
3650 3726 0.634824
3650 3729 0.332557
3650 3735 1.453429
3650 3741 2.440793
3650 3744 0.131833
3650 3750 0.244291
3650 3753 0.324174
3650 3787 0.295629
3650 3828 0.179466
3658 3698 0.179019
3658 3718 45.252981
3658 3741 10.801284
3658 3753 0.926094
3658 3762 0.405366
3658 3823 0.033793
3661 3726 2.459952
3661 3729 0.207215
3661 3732 0.053804
3661 3770 0.026909
3664 3709 1.315494
3664 3723 3.101955
3664 3726 6.185335
3664 3732 0.365300
3664 3770 0.390377
3671 3701 0.625618
3671 3726 1.328860
3671 3738 0.253220
3671 3741 28.093171
3671 3750 0.149997
3671 3753 1.309952
3671 3762 5.802963
3671 3823 0.273925
3671 3828 0.144087
3674 3732 0.069658
3674 3735 3.233992
3674 3741 30.013660
3674 3747 0.141678
3674 3756 1.599744
3674 3770 0.066126
3674 3787 15.659617
3677 3765 27.911459
3680 3726 0.429483
3683 3709 0.055254
3683 3726 1.578034
3683 3729 0.058233
3683 3732 0.055254
3683 3753 0.153256
3683 3770 0.061066
3683 3773 19.119529
3686 3701 0.739883
3686 3706 0.234746
3686 3709 0.286432
3686 3729 0.484558
3686 3732 0.296600
3686 3735 0.085243
3686 3741 20.936847
3686 3747 13.671766
3686 3750 0.011444
3686 3753 0.160854
3686 3759 0.206779
3686 3762 0.127726
3686 3770 0.110125
3686 3776 0.952296
3686 3787 1.660133
3686 3823 0.057681
3689 3709 0.037246
3689 3726 0.915045
3689 3729 0.024070
3689 3732 0.037246
3689 3747 0.043227
3689 3753 0.070098
3689 3770 0.040684
3689 3779 2.080013
3689 3787 1.665062
3692 3701 10.451479
3692 3706 0.565132
3692 3732 1.058888
3692 3741 2.919625
3692 3744 2.603774
3692 3750 0.760935
3692 3759 0.716752
3692 3762 1.249922
3692 3770 0.452035
3692 3782 24.939878
3692 3823 0.649003
3695 3701 1.702433
3695 3706 0.254778
3695 3709 0.021222
3695 3726 0.116411
3695 3735 0.965523
3695 3741 3.596833
3695 3744 14.197973
3695 3747 0.099063
3695 3750 6.832148
3695 3753 49.818157
3695 3759 0.157132
3695 3762 0.562810
3695 3787 0.361330
3695 3823 0.010908
3805 3698 0.192577
3805 3715 17.975042
3805 3762 0.173617
3805 3823 0.290811
